-266718055
-17890919
-17890919
-4195228
-99152
-99152
-1
-1
-1
-1
-1
0
0
0
0
0
0
0
0
0
0
0
0
0
0
0
0
0
0
0
0
0
0
0
0
0
0
0
0
0
0
0
0
0
0
0
0
0
0
0
0
0
0
0
0
0
0
0
0
0
0
0
0
0
0
0
0
0
0
0
0
0
0
0
0
0
0
0
0
0
0
0
0
0
0
0
0
0
0
0
0
0
0
0
0
0
0
0
0
0
0
0
0
0
0
0
0
0
0
0
0
0
0
0
0
0
0
0
0
0
0
0
0
0
0
0
0
0
0
0
0
0
0
0
0
0
0
0
0
0
0
0
0
0
0
0
0
0
0
0
0
0
0
0
0
0
0
0
0
0
0
0
0
0
0
0
0
0
0
0
0
0
0
0
0
0
0
0
0
0
0
0
0
0
0
0
0
0
0
0
0
0
0
0
0
0
0
0
0
0
0
0
0
0
0
0
0
0
0
0
0
0
0
0
0
0
0
0
0
0
0
0
0
0
0
0
0
0
0
0
0
0
0
0
0
0
0
0
0
0
0
0
0
0
0
0
0
0
0
0
0
0
0
0
0
0
0
0
0
0
0
0
0
0
0
0
0
0
0
0
0
0
0
0
0
0
0
0
0
0
0
0
0
0
0
0
0
0
0
0
0
0
0
0
0
0
0
0
0
0
0
0
0
0
0
0
0
0
0
0
0
0
0
0
0
0
0
0
0
0
0
0
0
0
0
0
0
0
0
0
0
0
0
0
0
0
0
0
0
0
0
0
0
0
0
0
0
0
0
0
0
0
0
0
0
0
0
0
0
0
0
0
0
0
0
0
0
0
0
0
0
0
0
0
0
0
0
0
0
0
0
0
0
0
0
0
0
0
0
0
0
0
0
0
0
0
0
0
0
0
0
0
0
0
0
0
0
0
0
0
0
0
0
0
0
0
0
0
0
0
0
0
0
0
0
0
0
0
0
0
0
0
0
0
0
0
0
0
0
0
0
0
0
0
0
0
0
0
0
0
1
1
1
1
1
1
1
1
1
1
1
1
1
1
1
1
1
1
1
1
1
1
1
1
1
1
1
1
1
1
1
2
2
2
3
3
3
3
3
3
3
4
4
4
4
4
4
4
4
4
4
4
4
4
4
4
4
4
4
4
4
4
4
4
4
4
4
5
5
5
5
5
5
6
6
6
6
6
6
6
7
7
7
7
8
8
8
8
8
8
8
8
8
9
10
14
16
16
16
32
32
32
32
32
32
32
32
32
32
35
40
64
64
64
64
68
68
68
68
84
84
84
144
144
480
480
480
480
550
784
784
832
848
848
848
848
848
848
848
848
848
848
848
848
880
880
880
880
880
880
1000
1000
1024
1939
4095
4096
4096
4096
4096
4096
4096
4096
4096
4096
4096
4688
8127
14544
14544
20344
20344
29932
29932
29932
29932
30733
30733
30733
30733
30733
30733
30733
30733
30733
30733
30733
30733
30733
30733
30733
30733
30733
30733
30733
30733
30733
30733
30733
30733
30733
30733
30733
30733
30733
30733
30733
30733
30733
30733
30733
30733
30733
30733
30733
30733
30733
30733
30733
30733
30733
30733
30733
30733
30733
30733
30733
30733
30733
30733
30733
30733
30733
30733
30733
30733
30733
30733
30733
30733
30733
30733
30733
30733
30733
30733
30733
30733
30733
30733
30733
30733
30733
30733
30733
30733
30733
30733
30733
30733
30733
30733
30733
30733
30733
30733
30733
30733
30733
30733
32767
32767
32767
32767
32767
32767
32767
32767
32767
32767
32767
32767
32767
32767
32767
32767
32767
32767
32767
32767
32767
32767
32767
32767
32767
32767
32767
32767
32767
32767
32767
32767
32767
32767
32767
32767
32767
32767
32767
32767
32767
32767
32767
32767
32767
32767
32767
33133
39794
75424
75424
163768
163768
163768
163768
163840
163840
163840
163840
163840
163840
168976
358236
358236
358236
358236
1528455
1528455
1528455
1528455
1695744
1695744
1695744
1695744
1695744
1695744
1851104
1851104
1851104
1851188
1851188
1851188
1851188
1851188
1851188
2058032
2058032
2058032
2058032
2058032
2058032
2058032
2058032
2058032
2058032
2058032
2058032
2058032
2058032
2058032
2071008
2071008
2071008
2071008
2071008
2071008
2133456
2396056
2400152
3670080
4063235
4128832
4194318
4199303
4199313
8388608
16678064
22020300
22020300
27131497
41943040
50397442
110527148
110527149
112858987
157536133
413015444
416015442
437947264
437961692
437971648
437984848
438018184
438044224
438044224
438044224
438044224
438076329
438076329
438076329
438498370
439359034
441110646
441111248
441111248
441112624
441112624
441113920
441113920
441114000
441114000
441114000
441114000
441114000
441114000
441114000
441114000
441114000
441115456
441115504
441115504
441117976
441117976
441117976
441121016
441121016
441121736
441121736
441121842
441125624
441125624
441125720
441131856
441131910
441132852
441132852
441132852
441132852
441134359
441150515
441156571
441159884
441160884
441163345
441167078
441167273
441168388
441181292
441186280
441193503
441227452
441253825
441293388
441293402
441343744
441344000
441346736
441346736
441346736
441346736
441346736
441346736
441346736
441348312
441348312
441348768
441348768
441348768
441348768
441348768
441348768
441349648
441349648
441349648
441350144
600592014
600592014
824168223
827064320
1038094023
1045960768
1045960768
1045963008
1045963008
1045963056
1045963152
1045963216
1045963232
1045963232
1045963264
1045963264
1045963296
1045963328
1045963360
1045963552
1045963584
1045963584
1045963632
1045963648
1045963648
1045963648
1045964116
1045964116
1045964120
1045964120
1045964304
1045964304
1045964320
1045964320
1045964600
1045964600
1045964656
1045964656
1045964672
1045964672
1045964720
1045964720
1045964720
1045964801
1045964856
1045964864
1045965696
1046327848
1098907648
1103101952
1107296256
1179403647
1668269312
1668269312
1670462811
1685382480
1685382480
1685382481
1685382481
1685382482
1685382483
1685382483
1706629168
1736415839
1736415839
1878982659
