0
0
0
0
0
32767
30733
0
0
6
848
480
441156571
0
1851188
438044224
2
0
112858987
32767
0
30733
0
1098907648
32767
1045963648
4
0
1
0
3
30733
0
163840
30733
0
0
0
27131497
0
0
441114000
550
1
2071008
0
0
0
40
0
0
0
0
0
1045964600
438044224
32
0
30733
30733
0
0
32767
32767
441349648
439359034
8
0
0
0
2058032
0
0
163840
441121016
0
30733
30733
0
0
0
0
0
0
441348768
1
0
0
2058032
1045964856
1045964656
441227452
6
30733
0
0
0
32767
0
0
4063235
441114000
0
0
441121016
0
1045960768
0
30733
0
1045963232
441125720
441113920
0
30733
2
441346736
0
0
0
0
0
32767
0
441348768
848
0
441160884
1685382481
441163345
110527148
0
32
30733
441293388
30733
0
32767
30733
0
441346736
441121842
30733
0
8
2058032
4
6
441131910
0
30733
1
0
4
8
0
-17890919
0
0
0
30733
0
0
68
0
22020300
0
0
0
880
32767
3
1
4
0
0
441114000
1045963056
2058032
30733
1851188
30733
6
0
0
0
0
32767
0
163840
1
32767
0
0
30733
0
1045963584
30733
-99152
0
3
0
0
0
30733
0
0
0
32
32767
0
1
32767
30733
0
30733
0
1
4096
3
0
600592014
75424
4096
0
441150515
441132852
30733
32767
0
0
30733
3
32
1
64
32
0
7
1
0
1045964116
0
30733
1695744
1
0
1045963264
1
441181292
0
0
0
30733
441186280
848
0
0
0
0
441132852
441117976
4199313
441111248
0
0
1045964672
0
30733
2058032
0
30733
4096
4
0
4
441114000
0
0
1
32767
441125624
6
0
0
0
0
0
7
-1
0
2058032
0
437971648
32767
5
441114000
1045963264
35
0
0
30733
441167078
1045964304
32767
0
30733
32767
0
30733
441121736
441117976
30733
441168388
0
68
0
0
20344
5
1045964801
0
0
0
4095
2400152
0
0
30733
30733
413015444
0
0
1736415839
5
0
0
4
1179403647
2058032
1045963152
0
0
30733
1528455
0
0
2071008
32
163768
32
4096
1851104
0
0
0
163768
827064320
8388608
0
30733
0
0
0
1045963296
0
441159884
30733
0
0
1046327848
1045964304
1685382481
0
30733
0
1851188
0
29932
441132852
0
438498370
50397442
480
0
0
0
32767
32767
0
848
163840
1685382483
30733
1045960768
2071008
1
848
30733
30733
0
0
0
30733
0
0
0
32767
0
4
2058032
0
0
41943040
0
441111248
32767
32767
32767
848
0
6
1685382482
32767
1851188
1695744
0
32767
5
1045964320
0
441253825
7
0
0
1103101952
441349648
0
0
0
358236
0
441348768
0
0
0
1045963216
0
0
4
0
0
0
0
0
30733
-1
14544
480
2071008
4
1038094023
0
441350144
4096
1736415839
0
0
30733
0
64
0
16678064
4
0
1685382480
0
0
0
0
0
0
0
1045964656
0
1
84
4
0
0
1
4
848
0
1
0
438044224
30733
0
0
68
0
0
0
0
14
33133
441121736
0
1
1
30733
30733
0
4
30733
441348768
32767
0
32767
0
30733
68
4128832
0
3
0
30733
14544
0
6
0
8
0
1528455
832
0
0
1685382483
0
4
0
0
-1
0
32767
2396056
848
30733
0
0
0
1045964720
1
32767
0
4096
1668269312
0
0
0
0
0
30733

30733
0
30733
4
0
0
480
0
30733
0
0
30733
16
64
7
30733
16
441344000
1851104
0
22020300
0
438018184
1695744
0
0
1670462811
441114000
4199303
1939
0
30733
1
441349648
441193503
0
0
-17890919
441167273
0
2058032
0
0
0
0
0
0
0
1695744
-1
32767
0
0
0
441114000
0
0
0
0
0
0
0
0
0
0
1851104
0
0
0
1045964720
1851188
0
0
1
0
0
1045963632
0
16
358236
32767
0
437961692
32767
0
30733
0
4
441346736
1045963008
32767
441346736
8
30733
1045964120
0
-99152
1
32767
0
1045964120
0
0
0
0
0
1045964320
32767
2
168976
441117976
4
30733
0
358236
0
32
0
8
0
0
0
4
1045964116
0
0
4
30733
0
30733
0
1045964600
441114000
2058032
1045965696
75424
1045964672
0
0
1
1
2071008
30733
-266718055
0
2058032
0
0
0
0
0
0
32
4688
0
1045963008
8127
0
0
1851188
0
0
0
30733
0
441346736
441112624
0
0
848
0
880
0
1878982659
32767
0
0
0
0
30733
0
4
0
0
20344
1695744
30733
30733
0
0
30733
0
0
1
0
157536133
441348768
441346736
441346736
8
0
0
1045963648
0
1
4096
441348312
0
84
0
0
0
0
0
32767
0
1045964720
1668269312
0
1
441110646
441114000
4
441115504
0
0
0
0
30733
8
3670080
0
0
163840
1706629168
416015442
1
0
32767
30733
30733
32767
1
30733
1045963584
4
4096
441348312
1528455
32767
64
441134359
-1
880
30733
0
32767
0
30733
0
0
0
4
39794
600592014
0
0
0
0
0
0
0
0
0
0
30733
0
0
848
4
1528455
0
880
144
29932
0
0
2058032
0
30733
30733
1045963360
441113920
441293402
1045964864
1024
32767
0
0
1000
30733
0
438044224
0
441348768
0
0
441115456
2058032
441132852
163768
0
2071008
8
0
0
144
0
1045963232
4096
0
0
0
4194318
2133456
30733
0
441131856
0
0
0
0
0
441343744
0
2058032
0
0
9
1000
0
30733
30733
32767
4
0
0
0
0
0
0
0
30733
5
5
824168223
0
358236
1045963328
784
0
32767
0
30733
10
0
30733
4096
441115504
1685382480
0
30733
441125624
32767
-4195228
30733
437984848
0
0
1107296256
0
0
0
1045963552
0
438076329
29932
0
0
0
0
29932
0
880
880
0
32
1695744
30733
0
110527149
848
163768
1045963648
0
3
0
0
0
30733
0
0
1
0
163840
784
441112624
84
848
438076329
0
438076329
437947264
0
0
30733
0
0
30733
0
0
2058032
30733
0
0